Test Loss:  0.48,  Test Acc: 85.77%

Precision, Recall and F1-Score...
               precision    recall  f1-score   support

      finance     0.9151    0.7874    0.8464       301
       realty     0.9107    0.8833    0.8968       300
       stocks     0.7185    0.8033    0.7585       305
    education     0.9105    0.9406    0.9253       303
      science     0.7763    0.7897    0.7829       290
      society     0.8494    0.8717    0.8604       304
     politics     0.8007    0.8345    0.8172       284
       sports     0.9301    0.9301    0.9301       286
         game     0.9239    0.8669    0.8945       308
entertainment     0.8711    0.8683    0.8697       319

  avg / total     0.8609    0.8577    0.8584      3000


Confusion Matrix...
[[237  10  36   0   7   4   4   1   0   2]
 [  4 265  10   5   3   8   2   0   0   3]
 [ 14   3 245   0  18   2  19   2   2   0]
 [  0   0   1 285   1   3   4   3   1   5]
 [  1   2  23   3 229   9   7   2   6   8]
 [  0   3   1   8   6 265  10   4   0   7]
 [  2   4  10   4   9  14 237   0   0   4]
 [  0   0   3   0   2   3   3 266   3   6]
 [  1   1   6   3  18   0   3   3 267   6]
 [  0   3   6   5   2   4   7   5  10 277]]
