Test Loss:  0.48,  Test Acc: 86.87%

Precision, Recall and F1-Score...
               precision    recall  f1-score   support

      finance     0.9202    0.8040    0.8582       301
       realty     0.8970    0.9000    0.8985       300
       stocks     0.7428    0.8426    0.7896       305
    education     0.9088    0.9538    0.9308       303
      science     0.7937    0.7828    0.7882       290
      society     0.8521    0.8717    0.8618       304
     politics     0.8598    0.8204    0.8396       284
       sports     0.9286    0.9545    0.9414       286
         game     0.9073    0.8896    0.8984       308
entertainment     0.8961    0.8652    0.8804       319

  avg / total     0.8707    0.8687    0.8688      3000


Confusion Matrix...
[[242   7  34   2   3   5   4   1   1   2]
 [  4 270  10   6   2   4   1   0   1   2]
 [ 13   4 257   1  13   3  11   0   2   1]
 [  0   0   0 289   5   4   0   1   1   3]
 [  2   4  21   3 227   6   6   2  12   7]
 [  0   4   2   8   6 265   9   3   1   6]
 [  2   6  13   5   8  12 233   1   0   4]
 [  0   1   3   1   2   2   1 273   0   3]
 [  0   2   4   2  15   1   3   3 274   4]
 [  0   3   2   1   5   9   3  10  10 276]]
