Test Loss:  0.49,  Test Acc: 87.63%

Precision, Recall and F1-Score...
               precision    recall  f1-score   support

      finance     0.9061    0.8339    0.8685       301
       realty     0.9167    0.9167    0.9167       300
       stocks     0.7910    0.8066    0.7987       305
    education     0.9256    0.9439    0.9346       303
      science     0.7864    0.8000    0.7932       290
      society     0.9103    0.8684    0.8889       304
     politics     0.8185    0.8732    0.8450       284
       sports     0.9125    0.9476    0.9297       286
         game     0.9192    0.8864    0.9025       308
entertainment     0.8816    0.8871    0.8844       319

  avg / total     0.8773    0.8763    0.8765      3000


Confusion Matrix...
[[251   7  25   0   3   4   5   2   2   2]
 [  5 275   8   2   2   4   1   0   1   2]
 [ 15   4 246   1  18   2  14   1   2   2]
 [  0   0   2 286   3   1   3   2   1   5]
 [  1   2  17   2 232   6  10   2  10   8]
 [  0   4   0   8   5 264  13   4   0   6]
 [  2   4   8   5   7   5 248   2   0   3]
 [  0   1   2   0   2   1   4 271   1   4]
 [  2   1   1   3  19   0   1   2 273   6]
 [  1   2   2   2   4   3   4  11   7 283]]
