Test Loss:   0.5,  Test Acc: 86.30%

Precision, Recall and F1-Score...
               precision    recall  f1-score   support

      finance     0.9182    0.8206    0.8667       301
       realty     0.9060    0.9000    0.9030       300
       stocks     0.7810    0.8066    0.7935       305
    education     0.9028    0.9505    0.9260       303
      science     0.7857    0.7586    0.7719       290
      society     0.8775    0.8717    0.8746       304
     politics     0.8129    0.8415    0.8270       284
       sports     0.9184    0.9441    0.9310       286
         game     0.8841    0.8669    0.8754       308
entertainment     0.8471    0.8683    0.8576       319

  avg / total     0.8635    0.8630    0.8628      3000


Confusion Matrix...
[[247   5  28   2   3   6   5   1   1   3]
 [  6 270   5   5   4   1   1   1   1   6]
 [ 13   3 246   3  15   2  17   1   4   1]
 [  0   0   0 288   2   4   0   1   1   7]
 [  1   2  19   4 220   8   8   3  17   8]
 [  0   6   1   7   2 265  10   3   1   9]
 [  2   4  10   5   8   9 239   1   0   6]
 [  0   1   1   0   2   0   6 270   0   6]
 [  0   5   3   2  19   0   4   4 267   4]
 [  0   2   2   3   5   7   4   9  10 277]]
