Test Loss:  0.52,  Test Acc: 85.60%

Precision, Recall and F1-Score...
               precision    recall  f1-score   support

      finance     0.9004    0.8106    0.8531       301
       realty     0.9119    0.8967    0.9042       300
       stocks     0.7814    0.7967    0.7890       305
    education     0.9028    0.9505    0.9260       303
      science     0.7935    0.7552    0.7739       290
      society     0.8526    0.8750    0.8636       304
     politics     0.7940    0.8415    0.8171       284
       sports     0.8824    0.9441    0.9122       286
         game     0.8654    0.8766    0.8710       308
entertainment     0.8754    0.8150    0.8442       319

  avg / total     0.8565    0.8560    0.8556      3000


Confusion Matrix...
[[244   7  31   1   3   5   5   3   1   1]
 [  5 269   4   3   2   6   2   1   3   5]
 [ 15   5 243   1  16   2  16   3   3   1]
 [  0   0   0 288   2   3   1   4   1   4]
 [  3   1  17   5 219   7  11   4  14   9]
 [  0   3   0   8   7 266  10   4   0   6]
 [  2   7   6   8   7   7 239   2   0   6]
 [  1   0   2   0   1   1   6 270   1   4]
 [  1   0   6   3  15   2   3   7 270   1]
 [  0   3   2   2   4  13   8   8  19 260]]
